{
 "cells": [
  {
   "cell_type": "code",
   "execution_count": 1,
   "metadata": {},
   "outputs": [],
   "source": [
    "import pandas as pd\n",
    "from sklearn.decomposition import PCA"
   ]
  },
  {
   "cell_type": "code",
   "execution_count": 4,
   "metadata": {},
   "outputs": [
    {
     "data": {
      "text/html": [
       "<div>\n",
       "<style scoped>\n",
       "    .dataframe tbody tr th:only-of-type {\n",
       "        vertical-align: middle;\n",
       "    }\n",
       "\n",
       "    .dataframe tbody tr th {\n",
       "        vertical-align: top;\n",
       "    }\n",
       "\n",
       "    .dataframe thead th {\n",
       "        text-align: right;\n",
       "    }\n",
       "</style>\n",
       "<table border=\"1\" class=\"dataframe\">\n",
       "  <thead>\n",
       "    <tr style=\"text-align: right;\">\n",
       "      <th></th>\n",
       "      <th>Pregnancies</th>\n",
       "      <th>Glucose</th>\n",
       "      <th>BloodPressure</th>\n",
       "      <th>SkinThickness</th>\n",
       "      <th>Insulin</th>\n",
       "      <th>BMI</th>\n",
       "      <th>DiabetesPedigreeFunction</th>\n",
       "      <th>Age</th>\n",
       "      <th>Outcome</th>\n",
       "    </tr>\n",
       "  </thead>\n",
       "  <tbody>\n",
       "    <tr>\n",
       "      <th>count</th>\n",
       "      <td>768.000000</td>\n",
       "      <td>768.000000</td>\n",
       "      <td>768.000000</td>\n",
       "      <td>768.000000</td>\n",
       "      <td>768.000000</td>\n",
       "      <td>768.000000</td>\n",
       "      <td>768.000000</td>\n",
       "      <td>768.000000</td>\n",
       "      <td>768.000000</td>\n",
       "    </tr>\n",
       "    <tr>\n",
       "      <th>mean</th>\n",
       "      <td>3.845052</td>\n",
       "      <td>120.894531</td>\n",
       "      <td>69.105469</td>\n",
       "      <td>20.536458</td>\n",
       "      <td>79.799479</td>\n",
       "      <td>31.992578</td>\n",
       "      <td>0.471876</td>\n",
       "      <td>33.240885</td>\n",
       "      <td>0.348958</td>\n",
       "    </tr>\n",
       "    <tr>\n",
       "      <th>std</th>\n",
       "      <td>3.369578</td>\n",
       "      <td>31.972618</td>\n",
       "      <td>19.355807</td>\n",
       "      <td>15.952218</td>\n",
       "      <td>115.244002</td>\n",
       "      <td>7.884160</td>\n",
       "      <td>0.331329</td>\n",
       "      <td>11.760232</td>\n",
       "      <td>0.476951</td>\n",
       "    </tr>\n",
       "    <tr>\n",
       "      <th>min</th>\n",
       "      <td>0.000000</td>\n",
       "      <td>0.000000</td>\n",
       "      <td>0.000000</td>\n",
       "      <td>0.000000</td>\n",
       "      <td>0.000000</td>\n",
       "      <td>0.000000</td>\n",
       "      <td>0.078000</td>\n",
       "      <td>21.000000</td>\n",
       "      <td>0.000000</td>\n",
       "    </tr>\n",
       "    <tr>\n",
       "      <th>25%</th>\n",
       "      <td>1.000000</td>\n",
       "      <td>99.000000</td>\n",
       "      <td>62.000000</td>\n",
       "      <td>0.000000</td>\n",
       "      <td>0.000000</td>\n",
       "      <td>27.300000</td>\n",
       "      <td>0.243750</td>\n",
       "      <td>24.000000</td>\n",
       "      <td>0.000000</td>\n",
       "    </tr>\n",
       "    <tr>\n",
       "      <th>50%</th>\n",
       "      <td>3.000000</td>\n",
       "      <td>117.000000</td>\n",
       "      <td>72.000000</td>\n",
       "      <td>23.000000</td>\n",
       "      <td>30.500000</td>\n",
       "      <td>32.000000</td>\n",
       "      <td>0.372500</td>\n",
       "      <td>29.000000</td>\n",
       "      <td>0.000000</td>\n",
       "    </tr>\n",
       "    <tr>\n",
       "      <th>75%</th>\n",
       "      <td>6.000000</td>\n",
       "      <td>140.250000</td>\n",
       "      <td>80.000000</td>\n",
       "      <td>32.000000</td>\n",
       "      <td>127.250000</td>\n",
       "      <td>36.600000</td>\n",
       "      <td>0.626250</td>\n",
       "      <td>41.000000</td>\n",
       "      <td>1.000000</td>\n",
       "    </tr>\n",
       "    <tr>\n",
       "      <th>max</th>\n",
       "      <td>17.000000</td>\n",
       "      <td>199.000000</td>\n",
       "      <td>122.000000</td>\n",
       "      <td>99.000000</td>\n",
       "      <td>846.000000</td>\n",
       "      <td>67.100000</td>\n",
       "      <td>2.420000</td>\n",
       "      <td>81.000000</td>\n",
       "      <td>1.000000</td>\n",
       "    </tr>\n",
       "  </tbody>\n",
       "</table>\n",
       "</div>"
      ],
      "text/plain": [
       "       Pregnancies     Glucose  BloodPressure  SkinThickness     Insulin  \\\n",
       "count   768.000000  768.000000     768.000000     768.000000  768.000000   \n",
       "mean      3.845052  120.894531      69.105469      20.536458   79.799479   \n",
       "std       3.369578   31.972618      19.355807      15.952218  115.244002   \n",
       "min       0.000000    0.000000       0.000000       0.000000    0.000000   \n",
       "25%       1.000000   99.000000      62.000000       0.000000    0.000000   \n",
       "50%       3.000000  117.000000      72.000000      23.000000   30.500000   \n",
       "75%       6.000000  140.250000      80.000000      32.000000  127.250000   \n",
       "max      17.000000  199.000000     122.000000      99.000000  846.000000   \n",
       "\n",
       "              BMI  DiabetesPedigreeFunction         Age     Outcome  \n",
       "count  768.000000                768.000000  768.000000  768.000000  \n",
       "mean    31.992578                  0.471876   33.240885    0.348958  \n",
       "std      7.884160                  0.331329   11.760232    0.476951  \n",
       "min      0.000000                  0.078000   21.000000    0.000000  \n",
       "25%     27.300000                  0.243750   24.000000    0.000000  \n",
       "50%     32.000000                  0.372500   29.000000    0.000000  \n",
       "75%     36.600000                  0.626250   41.000000    1.000000  \n",
       "max     67.100000                  2.420000   81.000000    1.000000  "
      ]
     },
     "execution_count": 4,
     "metadata": {},
     "output_type": "execute_result"
    }
   ],
   "source": [
    "dataset = pd.read_csv('./diabetes.csv')\n",
    "dataset.describe()"
   ]
  },
  {
   "cell_type": "code",
   "execution_count": 5,
   "metadata": {},
   "outputs": [],
   "source": [
    "analyzer = PCA(n_components = 3)"
   ]
  },
  {
   "cell_type": "code",
   "execution_count": 8,
   "metadata": {},
   "outputs": [
    {
     "data": {
      "text/plain": [
       "Index(['Pregnancies', 'Glucose', 'BloodPressure', 'SkinThickness', 'Insulin',\n",
       "       'BMI', 'DiabetesPedigreeFunction', 'Age', 'Outcome'],\n",
       "      dtype='object')"
      ]
     },
     "execution_count": 8,
     "metadata": {},
     "output_type": "execute_result"
    }
   ],
   "source": [
    "dataset.columns"
   ]
  },
  {
   "cell_type": "code",
   "execution_count": 14,
   "metadata": {},
   "outputs": [],
   "source": [
    "reduced_data = analyzer.fit_transform(dataset[dataset.columns].to_numpy())"
   ]
  },
  {
   "cell_type": "code",
   "execution_count": 15,
   "metadata": {},
   "outputs": [
    {
     "data": {
      "text/plain": [
       "array([[-75.71424916, -35.95494354,  -7.26068338],\n",
       "       [-82.35846646,  28.90955895,  -5.49664901],\n",
       "       [-74.63022933, -67.90963328,  19.46175322],\n",
       "       ...,\n",
       "       [ 32.11298721,   3.37922193,  -1.58797191],\n",
       "       [-80.21409513, -14.19059537,  12.35142227],\n",
       "       [-81.30834662,  21.6230423 ,  -8.15277416]])"
      ]
     },
     "execution_count": 15,
     "metadata": {},
     "output_type": "execute_result"
    }
   ],
   "source": [
    "reduced_data"
   ]
  },
  {
   "cell_type": "code",
   "execution_count": 16,
   "metadata": {},
   "outputs": [
    {
     "data": {
      "text/html": [
       "<div>\n",
       "<style scoped>\n",
       "    .dataframe tbody tr th:only-of-type {\n",
       "        vertical-align: middle;\n",
       "    }\n",
       "\n",
       "    .dataframe tbody tr th {\n",
       "        vertical-align: top;\n",
       "    }\n",
       "\n",
       "    .dataframe thead th {\n",
       "        text-align: right;\n",
       "    }\n",
       "</style>\n",
       "<table border=\"1\" class=\"dataframe\">\n",
       "  <thead>\n",
       "    <tr style=\"text-align: right;\">\n",
       "      <th></th>\n",
       "      <th>Pregnancies</th>\n",
       "      <th>Glucose</th>\n",
       "      <th>BloodPressure</th>\n",
       "      <th>SkinThickness</th>\n",
       "      <th>Insulin</th>\n",
       "      <th>BMI</th>\n",
       "      <th>DiabetesPedigreeFunction</th>\n",
       "      <th>Age</th>\n",
       "      <th>Outcome</th>\n",
       "    </tr>\n",
       "  </thead>\n",
       "  <tbody>\n",
       "    <tr>\n",
       "      <th>Pregnancies</th>\n",
       "      <td>1.000000</td>\n",
       "      <td>0.129459</td>\n",
       "      <td>0.141282</td>\n",
       "      <td>-0.081672</td>\n",
       "      <td>-0.073535</td>\n",
       "      <td>0.017683</td>\n",
       "      <td>-0.033523</td>\n",
       "      <td>0.544341</td>\n",
       "      <td>0.221898</td>\n",
       "    </tr>\n",
       "    <tr>\n",
       "      <th>Glucose</th>\n",
       "      <td>0.129459</td>\n",
       "      <td>1.000000</td>\n",
       "      <td>0.152590</td>\n",
       "      <td>0.057328</td>\n",
       "      <td>0.331357</td>\n",
       "      <td>0.221071</td>\n",
       "      <td>0.137337</td>\n",
       "      <td>0.263514</td>\n",
       "      <td>0.466581</td>\n",
       "    </tr>\n",
       "    <tr>\n",
       "      <th>BloodPressure</th>\n",
       "      <td>0.141282</td>\n",
       "      <td>0.152590</td>\n",
       "      <td>1.000000</td>\n",
       "      <td>0.207371</td>\n",
       "      <td>0.088933</td>\n",
       "      <td>0.281805</td>\n",
       "      <td>0.041265</td>\n",
       "      <td>0.239528</td>\n",
       "      <td>0.065068</td>\n",
       "    </tr>\n",
       "    <tr>\n",
       "      <th>SkinThickness</th>\n",
       "      <td>-0.081672</td>\n",
       "      <td>0.057328</td>\n",
       "      <td>0.207371</td>\n",
       "      <td>1.000000</td>\n",
       "      <td>0.436783</td>\n",
       "      <td>0.392573</td>\n",
       "      <td>0.183928</td>\n",
       "      <td>-0.113970</td>\n",
       "      <td>0.074752</td>\n",
       "    </tr>\n",
       "    <tr>\n",
       "      <th>Insulin</th>\n",
       "      <td>-0.073535</td>\n",
       "      <td>0.331357</td>\n",
       "      <td>0.088933</td>\n",
       "      <td>0.436783</td>\n",
       "      <td>1.000000</td>\n",
       "      <td>0.197859</td>\n",
       "      <td>0.185071</td>\n",
       "      <td>-0.042163</td>\n",
       "      <td>0.130548</td>\n",
       "    </tr>\n",
       "    <tr>\n",
       "      <th>BMI</th>\n",
       "      <td>0.017683</td>\n",
       "      <td>0.221071</td>\n",
       "      <td>0.281805</td>\n",
       "      <td>0.392573</td>\n",
       "      <td>0.197859</td>\n",
       "      <td>1.000000</td>\n",
       "      <td>0.140647</td>\n",
       "      <td>0.036242</td>\n",
       "      <td>0.292695</td>\n",
       "    </tr>\n",
       "    <tr>\n",
       "      <th>DiabetesPedigreeFunction</th>\n",
       "      <td>-0.033523</td>\n",
       "      <td>0.137337</td>\n",
       "      <td>0.041265</td>\n",
       "      <td>0.183928</td>\n",
       "      <td>0.185071</td>\n",
       "      <td>0.140647</td>\n",
       "      <td>1.000000</td>\n",
       "      <td>0.033561</td>\n",
       "      <td>0.173844</td>\n",
       "    </tr>\n",
       "    <tr>\n",
       "      <th>Age</th>\n",
       "      <td>0.544341</td>\n",
       "      <td>0.263514</td>\n",
       "      <td>0.239528</td>\n",
       "      <td>-0.113970</td>\n",
       "      <td>-0.042163</td>\n",
       "      <td>0.036242</td>\n",
       "      <td>0.033561</td>\n",
       "      <td>1.000000</td>\n",
       "      <td>0.238356</td>\n",
       "    </tr>\n",
       "    <tr>\n",
       "      <th>Outcome</th>\n",
       "      <td>0.221898</td>\n",
       "      <td>0.466581</td>\n",
       "      <td>0.065068</td>\n",
       "      <td>0.074752</td>\n",
       "      <td>0.130548</td>\n",
       "      <td>0.292695</td>\n",
       "      <td>0.173844</td>\n",
       "      <td>0.238356</td>\n",
       "      <td>1.000000</td>\n",
       "    </tr>\n",
       "  </tbody>\n",
       "</table>\n",
       "</div>"
      ],
      "text/plain": [
       "                          Pregnancies   Glucose  BloodPressure  SkinThickness  \\\n",
       "Pregnancies                  1.000000  0.129459       0.141282      -0.081672   \n",
       "Glucose                      0.129459  1.000000       0.152590       0.057328   \n",
       "BloodPressure                0.141282  0.152590       1.000000       0.207371   \n",
       "SkinThickness               -0.081672  0.057328       0.207371       1.000000   \n",
       "Insulin                     -0.073535  0.331357       0.088933       0.436783   \n",
       "BMI                          0.017683  0.221071       0.281805       0.392573   \n",
       "DiabetesPedigreeFunction    -0.033523  0.137337       0.041265       0.183928   \n",
       "Age                          0.544341  0.263514       0.239528      -0.113970   \n",
       "Outcome                      0.221898  0.466581       0.065068       0.074752   \n",
       "\n",
       "                           Insulin       BMI  DiabetesPedigreeFunction  \\\n",
       "Pregnancies              -0.073535  0.017683                 -0.033523   \n",
       "Glucose                   0.331357  0.221071                  0.137337   \n",
       "BloodPressure             0.088933  0.281805                  0.041265   \n",
       "SkinThickness             0.436783  0.392573                  0.183928   \n",
       "Insulin                   1.000000  0.197859                  0.185071   \n",
       "BMI                       0.197859  1.000000                  0.140647   \n",
       "DiabetesPedigreeFunction  0.185071  0.140647                  1.000000   \n",
       "Age                      -0.042163  0.036242                  0.033561   \n",
       "Outcome                   0.130548  0.292695                  0.173844   \n",
       "\n",
       "                               Age   Outcome  \n",
       "Pregnancies               0.544341  0.221898  \n",
       "Glucose                   0.263514  0.466581  \n",
       "BloodPressure             0.239528  0.065068  \n",
       "SkinThickness            -0.113970  0.074752  \n",
       "Insulin                  -0.042163  0.130548  \n",
       "BMI                       0.036242  0.292695  \n",
       "DiabetesPedigreeFunction  0.033561  0.173844  \n",
       "Age                       1.000000  0.238356  \n",
       "Outcome                   0.238356  1.000000  "
      ]
     },
     "execution_count": 16,
     "metadata": {},
     "output_type": "execute_result"
    }
   ],
   "source": [
    "dataset.corr()"
   ]
  },
  {
   "cell_type": "code",
   "execution_count": 22,
   "metadata": {},
   "outputs": [
    {
     "data": {
      "text/html": [
       "<div>\n",
       "<style scoped>\n",
       "    .dataframe tbody tr th:only-of-type {\n",
       "        vertical-align: middle;\n",
       "    }\n",
       "\n",
       "    .dataframe tbody tr th {\n",
       "        vertical-align: top;\n",
       "    }\n",
       "\n",
       "    .dataframe thead th {\n",
       "        text-align: right;\n",
       "    }\n",
       "</style>\n",
       "<table border=\"1\" class=\"dataframe\">\n",
       "  <thead>\n",
       "    <tr style=\"text-align: right;\">\n",
       "      <th></th>\n",
       "      <th>0</th>\n",
       "      <th>1</th>\n",
       "      <th>2</th>\n",
       "      <th>3</th>\n",
       "      <th>4</th>\n",
       "      <th>5</th>\n",
       "      <th>6</th>\n",
       "      <th>7</th>\n",
       "      <th>8</th>\n",
       "    </tr>\n",
       "  </thead>\n",
       "  <tbody>\n",
       "    <tr>\n",
       "      <th>0</th>\n",
       "      <td>61.458859</td>\n",
       "      <td>15.490247</td>\n",
       "      <td>9.201081</td>\n",
       "      <td>-0.513662</td>\n",
       "      <td>-28.920785</td>\n",
       "      <td>1.529629</td>\n",
       "      <td>0.006328</td>\n",
       "      <td>3.794481</td>\n",
       "      <td>0.120319</td>\n",
       "    </tr>\n",
       "    <tr>\n",
       "      <th>1</th>\n",
       "      <td>15.490247</td>\n",
       "      <td>1019.915318</td>\n",
       "      <td>97.752076</td>\n",
       "      <td>16.037838</td>\n",
       "      <td>1222.009351</td>\n",
       "      <td>51.918871</td>\n",
       "      <td>1.366118</td>\n",
       "      <td>108.224669</td>\n",
       "      <td>6.724655</td>\n",
       "    </tr>\n",
       "    <tr>\n",
       "      <th>2</th>\n",
       "      <td>9.201081</td>\n",
       "      <td>97.752076</td>\n",
       "      <td>362.450407</td>\n",
       "      <td>99.337523</td>\n",
       "      <td>196.003024</td>\n",
       "      <td>49.125343</td>\n",
       "      <td>0.411579</td>\n",
       "      <td>54.741531</td>\n",
       "      <td>0.899543</td>\n",
       "    </tr>\n",
       "    <tr>\n",
       "      <th>3</th>\n",
       "      <td>-0.513662</td>\n",
       "      <td>16.037838</td>\n",
       "      <td>99.337523</td>\n",
       "      <td>144.242653</td>\n",
       "      <td>810.926627</td>\n",
       "      <td>22.442928</td>\n",
       "      <td>0.460774</td>\n",
       "      <td>2.729189</td>\n",
       "      <td>0.091388</td>\n",
       "    </tr>\n",
       "    <tr>\n",
       "      <th>4</th>\n",
       "      <td>-28.920785</td>\n",
       "      <td>1222.009351</td>\n",
       "      <td>196.003024</td>\n",
       "      <td>810.926627</td>\n",
       "      <td>13280.590409</td>\n",
       "      <td>181.600605</td>\n",
       "      <td>7.074387</td>\n",
       "      <td>-59.857049</td>\n",
       "      <td>7.210539</td>\n",
       "    </tr>\n",
       "    <tr>\n",
       "      <th>5</th>\n",
       "      <td>1.529629</td>\n",
       "      <td>51.918871</td>\n",
       "      <td>49.125343</td>\n",
       "      <td>22.442928</td>\n",
       "      <td>181.600605</td>\n",
       "      <td>71.129310</td>\n",
       "      <td>0.162237</td>\n",
       "      <td>10.552587</td>\n",
       "      <td>0.383525</td>\n",
       "    </tr>\n",
       "    <tr>\n",
       "      <th>6</th>\n",
       "      <td>0.006328</td>\n",
       "      <td>1.366118</td>\n",
       "      <td>0.411579</td>\n",
       "      <td>0.460774</td>\n",
       "      <td>7.074387</td>\n",
       "      <td>0.162237</td>\n",
       "      <td>60.794887</td>\n",
       "      <td>0.100678</td>\n",
       "      <td>0.009141</td>\n",
       "    </tr>\n",
       "    <tr>\n",
       "      <th>7</th>\n",
       "      <td>3.794481</td>\n",
       "      <td>108.224669</td>\n",
       "      <td>54.741531</td>\n",
       "      <td>2.729189</td>\n",
       "      <td>-59.857049</td>\n",
       "      <td>10.552587</td>\n",
       "      <td>0.100678</td>\n",
       "      <td>83.283631</td>\n",
       "      <td>0.816119</td>\n",
       "    </tr>\n",
       "    <tr>\n",
       "      <th>8</th>\n",
       "      <td>0.120319</td>\n",
       "      <td>6.724655</td>\n",
       "      <td>0.899543</td>\n",
       "      <td>0.091388</td>\n",
       "      <td>7.210539</td>\n",
       "      <td>0.383525</td>\n",
       "      <td>0.009141</td>\n",
       "      <td>0.816119</td>\n",
       "      <td>60.837781</td>\n",
       "    </tr>\n",
       "  </tbody>\n",
       "</table>\n",
       "</div>"
      ],
      "text/plain": [
       "           0            1           2           3             4           5  \\\n",
       "0  61.458859    15.490247    9.201081   -0.513662    -28.920785    1.529629   \n",
       "1  15.490247  1019.915318   97.752076   16.037838   1222.009351   51.918871   \n",
       "2   9.201081    97.752076  362.450407   99.337523    196.003024   49.125343   \n",
       "3  -0.513662    16.037838   99.337523  144.242653    810.926627   22.442928   \n",
       "4 -28.920785  1222.009351  196.003024  810.926627  13280.590409  181.600605   \n",
       "5   1.529629    51.918871   49.125343   22.442928    181.600605   71.129310   \n",
       "6   0.006328     1.366118    0.411579    0.460774      7.074387    0.162237   \n",
       "7   3.794481   108.224669   54.741531    2.729189    -59.857049   10.552587   \n",
       "8   0.120319     6.724655    0.899543    0.091388      7.210539    0.383525   \n",
       "\n",
       "           6           7          8  \n",
       "0   0.006328    3.794481   0.120319  \n",
       "1   1.366118  108.224669   6.724655  \n",
       "2   0.411579   54.741531   0.899543  \n",
       "3   0.460774    2.729189   0.091388  \n",
       "4   7.074387  -59.857049   7.210539  \n",
       "5   0.162237   10.552587   0.383525  \n",
       "6  60.794887    0.100678   0.009141  \n",
       "7   0.100678   83.283631   0.816119  \n",
       "8   0.009141    0.816119  60.837781  "
      ]
     },
     "execution_count": 22,
     "metadata": {},
     "output_type": "execute_result"
    }
   ],
   "source": [
    "pd.DataFrame(analyzer.get_covariance())"
   ]
  },
  {
   "cell_type": "code",
   "execution_count": 23,
   "metadata": {},
   "outputs": [
    {
     "data": {
      "text/plain": [
       "array([0.88853359, 0.06159289, 0.02578973])"
      ]
     },
     "execution_count": 23,
     "metadata": {},
     "output_type": "execute_result"
    }
   ],
   "source": [
    "analyzer.explained_variance_ratio_"
   ]
  },
  {
   "cell_type": "code",
   "execution_count": null,
   "metadata": {},
   "outputs": [],
   "source": []
  }
 ],
 "metadata": {
  "kernelspec": {
   "display_name": "Python 3",
   "language": "python",
   "name": "python3"
  },
  "language_info": {
   "codemirror_mode": {
    "name": "ipython",
    "version": 3
   },
   "file_extension": ".py",
   "mimetype": "text/x-python",
   "name": "python",
   "nbconvert_exporter": "python",
   "pygments_lexer": "ipython3",
   "version": "3.8.10"
  }
 },
 "nbformat": 4,
 "nbformat_minor": 4
}
